0.5047058358829776
0.6357420443820515
0.7870438776569564
0.9635227107652847
0.44000764690848526
0.4883665791568492
0.050820315897771584
0.13825065651818302
0.7513244280072318
0.2809889122452094
0.5898571668706234
0.7698894095374146
0.002172946971889078
0.4191051592552705
0.6353396819805611
0.12284301677655773
0.7717185044109569
0.6656518426127354
0.6981171017494822
0.3890418968675132
0.9166174371857968
0.3891367092892247
0.7751772986855462
0.3804958417620249
0.16277483407193138
0.03536923063829034
0.44861284902989396
0.7112701936997943
0.008859443269795153
0.4318295935738796
0.9668306023825363
0.6584902346469793
0.24080019277263065
0.35891132475522647
0.5432647850905378
0.6703003051598553
0.580122643035897
0.8037169361744244
0.6596114655399153
0.923273630797715
0.11886532159310204
0.449782284101126
0.11861015495351324
0.4225898232130777
0.22994955766296554
0.2500500429384107
0.955655566594346
0.8853667533687991
0.5842587141252015
0.3806079122486071
0.0890314488898073
0.05085433525537375
0.7543158545823028
0.4791532566456074
0.765314920613209
0.12076740032760636
0.6393315881715097
0.8348401571131203
0.4395086223557688
0.7488561764731644
0.6075263725655309
0.11511106878783806
0.7187151900773857
0.3708819022539628
0.8190151182954776
0.2903099623720711
0.3936765569334264
0.6944866354010873
0.6661738429358307
0.6483193582978449
0.38425860907574005
0.8530158092408809
0.6482913818436669
0.17915932929799405
0.6329689550565194
0.0681727407323851
0.28344228292669327
0.15343118585887372
0.5948541178871665
0.6634547281977248
0.8528990426525698
0.41868419669185675
0.9926298054247565
0.9236401187900827
0.8720354763157018
0.7942293642913122
0.9326556082967833
0.6051669508381702
0.1865552474126182
0.9576189456651522
0.3103739322631375
0.8680630571644857
0.5040125248080807
0.3849561069882076
0.6730899138750438
0.022158756401397306
0.9879749004628949
0.2323943977271804
0.35347765357014205
0.7586328988466592
